Average Precision Per-class:
aeroplane: 0.4803841433382919
bicycle: 0.5549416943362574
bird: 0.290121120460146
boat: 0.28807889844293944
bottle: 0.11546687705175887
bus: 0.5891288196985938
car: 0.5841534545478904
cat: 0.48807712766311423
chair: 0.23798254272509786
cow: 0.27697389041645837
diningtable: 0.5068625855341545
dog: 0.4147108264307138
horse: 0.6567903611170905
motorbike: 0.5979457767255973
person: 0.5289886709530587
pottedplant: 0.14017064003507942
sheep: 0.3104508454105492
sofa: 0.5000076876373312
train: 0.6460855142620264
tvmonitor: 0.4046968341905143

Average Precision Across All Classes:0.4306009155488332
Average inference time: 0.01188605840833969