Average Precision Per-class:
aeroplane: 0.4251849794009277
bicycle: 0.4692970352599766
bird: 0.21270902147842474
boat: 0.20651202264442106
bottle: 0.09440434991408889
bus: 0.5116343821762163
car: 0.5401858691245474
cat: 0.3974601646521882
chair: 0.18693748214244468
cow: 0.21035540600197394
diningtable: 0.451617813258445
dog: 0.3172351294099137
horse: 0.6141473600246045
motorbike: 0.4927547383608174
person: 0.46353738698087904
pottedplant: 0.059808342585716774
sheep: 0.24279216417770827
sofa: 0.3892081907236024
train: 0.5617412221659336
tvmonitor: 0.33557803541923165

Average Precision Across All Classes:0.3591550547951031
Average inference time: 0.01158923502885082