Average Precision Per-class:
aeroplane: 0.5161995518775787
bicycle: 0.6263627548322626
bird: 0.3074689224207756
boat: 0.3290364621121492
bottle: 0.15187997827007513
bus: 0.6244905020030376
car: 0.619790758203941
cat: 0.5471593130409319
chair: 0.30381110584452453
cow: 0.31025423647077455
diningtable: 0.5081369738362788
dog: 0.4637664521353567
horse: 0.6784830121165857
motorbike: 0.6264168733254244
person: 0.581868864162238
pottedplant: 0.13302226935833117
sheep: 0.32857607907518693
sofa: 0.5004737495408579
train: 0.6863892241478993
tvmonitor: 0.4611943240572768

Average Precision Across All Classes:0.4652390703415742
Average inference time: 0.012426414329901651