Average Precision Per-class:
aeroplane: 0.482571653801622
bicycle: 0.5837212067147688
bird: 0.25413311037937625
boat: 0.23949259218741012
bottle: 0.10880101660974581
bus: 0.5447032640157865
car: 0.5691802597617754
cat: 0.48813751025771873
chair: 0.2437531836156137
cow: 0.2825525073026065
diningtable: 0.5153256812915014
dog: 0.4095561297674338
horse: 0.6594143298095304
motorbike: 0.544935837456923
person: 0.5118881561464158
pottedplant: 0.11175833530993033
sheep: 0.3249473288993197
sofa: 0.4143493824146419
train: 0.6204265379633501
tvmonitor: 0.386348528981719

Average Precision Across All Classes:0.4147998276343595
Average inference time: 0.012638658140703241