Average Precision Per-class:
aeroplane: 0.5087474964228921
bicycle: 0.5959256291835108
bird: 0.2865718301236432
boat: 0.28339767626048196
bottle: 0.11902311145824354
bus: 0.5989604775689511
car: 0.6006202558834737
cat: 0.4854017575259995
chair: 0.25022005014636667
cow: 0.3637822817811525
diningtable: 0.5492917546146021
dog: 0.44735741846368193
horse: 0.6667047864121146
motorbike: 0.6115539263421201
person: 0.5470331465919255
pottedplant: 0.14785756435881564
sheep: 0.3609404627726829
sofa: 0.48509407850754205
train: 0.6330641423951432
tvmonitor: 0.4537609199204288

Average Precision Across All Classes:0.4497654383366886
Average inference time: 0.01256736048974205