Average Precision Per-class:
aeroplane: 0.5380928184529058
bicycle: 0.6046702126519807
bird: 0.32292883751095014
boat: 0.27439597957976947
bottle: 0.13378762194545413
bus: 0.6227376042221415
car: 0.6098743157441598
cat: 0.5125534320427954
chair: 0.2729421190921257
cow: 0.34361464975191697
diningtable: 0.5318573305363081
dog: 0.43695944855268876
horse: 0.6611286582857281
motorbike: 0.5991852238327138
person: 0.5579507383437643
pottedplant: 0.1542992334089036
sheep: 0.3538721315033352
sofa: 0.47789426678323677
train: 0.687428285844213
tvmonitor: 0.4300983114907509

Average Precision Across All Classes:0.45631356097879217
Average inference time: 0.01231948773772343